7e+06
22214.5
16248.1
15293.2
12892.5
11313.1
11313.1
11313.1
11313.1
11313.1
11313.1
11313.1
11313.1
11561.6
11561.6
11617.9
9706.55
9706.55
9249.47
9249.47
9249.47
8709.87
5921.59
5639.85
4244.71
2627.93
1438.84
1020.26
1020.26
1020.26
760.209
760.209
760.209
760.209
760.209
760.209
760.209
777.229
780.716
894.947
1145.36
1145.36
1209.57
1299.42
1299.42
1334.33
1334.33
1465.87
1535.97
1661.04
1715.56
1715.56
1754.58
1785.85
1881.22
1944.81
2107.27
2107.27
2205.5
2205.5
2260.46
2403.58
2538.48
2664.18
3155.31
3155.31
3155.31
3218.9
3279.65
3468.14
3614.35
3837.13
4111.15
4252.23
4352.03
4800.55
4871.73
4871.73
4871.73
4908.3
4947.48
4968.84
5027.11
5027.11
5027.11
5027.11
5148.56
5174.76
5603.8
5783.54
6001.82
6001.82
6064.75
6112.24
6112.24
6354.46
6440.01
6505.28
6532.77
6532.77
6723.96
6723.96
6751.25
6751.25
6751.25
6751.25
7023.89
7239.29
7265.55
7265.55
7265.55
7265.55
7265.55
7414.75
7537.9
7537.9
7537.9
7676.19
7756.59
7782.33
7864.6
7864.6
7864.6
8001.67
8114.06
8280.35
8322.51
8471.2
8478.16
8478.16
8478.16
8478.16
7756.47
7756.47
7756.47
7756.47
7980.94
8354.04
8354.04
8354.04
8531.55
8642.02
8709.87
8735.42
8983.11
9107.9
9199.66
9304.28
9391.03
9391.03
9433.2
8660.86
8660.86
8660.86
8660.86
8660.86
8660.86
8660.86
8188.07
8188.07
8188.07
8188.07
8188.07
8188.07
9324.61
9448.02
9507.66
9571.84
9571.84
9398.97
9398.97
9118.03
9118.03
9118.03
9118.03
9118.03
9118.03
9118.03
8330.52
8330.52
8330.52
9398.97
9398.97
9697.38
9706.55
9739.52
9829.61
10002.4
10075.4
10231.7
10234.5
10439
10790.9
10877.5
10885.6
11478.2
11478.2
11478.2
11508.2
11617.9
11702.9
11840
11840
11844.3
12132.1
12161.9
12161.9
12161.9
12161.9
12313.3
12330.1
12330.1
12388.2
12710.6
12710.6
12812.7
12911
12911
13312.5
13356.1
11930
11730
11616.3
11616.3
11616.3
11616.3
11616.3
11616.3
10984
10984
10509.7
10509.7
10509.7
10509.7
10509.7
11930
12683.1
13424.3
13456.5
13637.9
13831.4
13989
14375.6
14550
14550
14550
14602
14669.6
15106.9
15251
15293.2
15427
15694.7
15719.1
15896.1
16193.9
16193.9
16706.1
17102.9
17120.2
17336.1
18135.7
19293.3
19293.3
19293.3
19468.4
19468.4
19498.5
20269.8
20277.9
20650.3
20857.5
21416.2
21534.5
21952.8
22101.4
24237.9
24306.5
24763.6
25202
25284.4
26526.5
26760.9
27045.3
27272.4
27377.7
27623.4
28852.4
30750.3
31800.3
32103
32682.6
32847.8
33998.1
34103.6
34911.3
34942.4
35171
35682.7
48255
96618.9
21813
14872.4
9717.87
9717.87
8303.95
7824.19
7167.28
7167.28
7167.28
7167.28
7167.28
7167.28
7167.28
7167.28
6994.08
5425.44
3791.8
2977.18
2930.28
2930.28
2930.28
2930.28
2930.28
2501.58
1747.95
1747.95
1544
1544
1544
1544
1411.71
1411.71
1411.71
1613.31
1669.92
1714.83
1771.82
2018.63
2158.46
2159.59
2159.59
2159.59
2279.68
2383.9
2383.9
2383.9
2471.39
2501.58
2501.58
2507.68
2507.68
2507.68
2507.68
2757.07
2977.18
2977.18
2977.18
3000.2
3000.2
3042.73
3042.73
3042.73
3052.17
3085.1
3099.91
3442.85
3727.45
3736.97
4222.16
4257.76
4257.76
4371.21
4371.21
4371.21
4387.8
4581.5
4581.5
4581.5
4581.5
4581.5
4569.22
4569.22
4569.22
4594.41
4594.92
4594.92
4594.92
4594.92
4641.24
4735.67
4654.48
4654.48
4654.48
4654.48
4654.48
4735.67
4758.25
4842.61
5150.99
5150.99
5099.43
4963.66
4963.66
4963.66
4963.66
4963.66
4502.13
4502.13
5274.65
5311.98
5425.44
5561.8
5587.53
5645.57
5784.76
5784.76
6064.3
6272.41
6272.41
6272.41
6272.41
6272.41
6304.32
6337.02
6438.67
6438.67
6438.67
6475.58
6475.58
6579.72
6666.6
6696.14
7205.94
7135.84
7135.84
7135.84
7135.84
7135.84
7205.94
7484.31
7588.45
7643.71
7748.15
7824.19
7824.19
8303.95
8364.36
8469.86
8469.86
8495.22
8556.29
8556.29
8556.29
8556.29
8691.85
8742.19
8898.63
9037.91
9091.43
9200.69
9215.66
9215.66
9261.61
9335.44
9369.01
9328.71
9328.71
9328.71
9328.71
9328.71
9328.71
9328.71
9370.06
9434.01
9724.48
9790.96
9790.96
9790.96
10028.6
10028.6
9989.19
9989.19
9989.19
9989.19
9989.19
10073.7
10073.7
10111.4
10125.8
10168.3
10168.3
10168.3
10244.5
9161.41
9161.41
9161.41
9161.41
9161.41
9161.41
9161.41
9161.41
10331.9
10331.9
10400.3
10503.9
10570.8
10743.7
10945.7
11038.2
11087.5
11132.7
11247.4
11312.8
11312.8
11312.8
11312.8
11336.1
11336.1
11336.1
11357
11412.9
11412.9
11639.5
11671.5
11671.5
11671.5
11671.5
11732.1
11738.2
11777.2
11973.6
12114.8
12277.7
12277.7
12277.7
12277.7
12016.9
12016.9
12016.9
12016.9
12368.3
12404.3
12437.6
12528.4
12528.4
12528.4
12618.2
12608.4
12608.4
12608.4
12608.4
12608.4
12608.4
12639.1
12698.4
12700.8
13025.4
13026.5
13041.2
13041.2
13041.2
13346.1
13346.1
13346.1
13346.1
13346.1
13355.1
13911.7
13911.7
13911.7
14092.3
14661.3
14855.2
15130.5
15640.9
15733.8
16067
16344
16344
16344
16344
16385.4
16385.4
16535.4
16960.7
17277.6
17625.5
17638.5
17638.5
17638.5
17918.3
18169.4
18276.9
18746
18746
19922.1
20125.5
20125.5
20138.8
20138.8
20389.7
21550.2
21550.2
20437.7
20437.7
20437.7
20437.7
20437.7
21797.3
24467.7
24467.7
24467.7
26314.7
26524.4
26693.9
33336.8
33336.8
120552
27765.6
14634.9
14605.5
14605.5
12436.1
11374.4
8049.27
8049.27
6402.29
6402.29
5398.07
4041.93
4041.93
3488.44
3488.44
3488.44
2013.21
1840.61
1840.61
1840.61
1840.61
1840.61
1840.61
1840.61
1785.61
1863.49
1863.49
1863.49
1919.53
1919.53
2220
2336.93
2336.93
2573.42
2927.35
3119.64
3119.64
3183.51
4041.93
4134.7
4141.98
4545.52
4545.52
4545.52
4545.52
4685.79
4685.79
4718.63
4900.25
4114.69
4114.69
4114.69
4114.69
4114.69
4114.69
3478.44
3478.44
3478.44
3478.44
3480.67
4114.69
4472.54
4498.79
4734.89
4900.25
4904.03
4916.68
4943.58
5012.48
5012.48
5204.41
5352.05
5398.07
5398.07
5443.59
5606.89
5670.63
5404.03
4966.02
4889.65
4027.48
4027.48
4027.48
4027.48
4027.48
4027.48
4378.18
4498.7
4889.65
4889.65
4889.65
4889.65
4889.65
4892.14
5026.85
5081
5200
5200
5200
5213.45
5404.03
5583.59
6067.44
6410.47
6473.01
6473.01
6473.01
6646.46
6646.46
6915.46
7057.77
7057.77
7059.19
7059.19
7059.19
7089.1
7167.65
7205.7
7205.7
7223.08
7223.08
7261.86
7323.93
6993.87
6993.87
6993.87
6993.87
6993.87
6993.87
6993.87
7361.22
7373.59
7437.6
7437.6
7437.6
7542.48
7623.25
7682.44
7682.44
7682.44
7867.02
7877.83
7929.85
7929.85
8017.96
8017.96
8017.96
8017.96
8017.96
7971.2
7971.2
7971.2
7971.2
7971.2
7971.2
8017.96
8017.96
8049.27
8093.43
8093.43
8152.86
8289.53
8325.24
8358.19
8405.65
8916.55
8916.55
8993.83
8993.83
8996.03
9028.65
9177.43
9209.15
9209.15
9209.15
9282.92
9464.53
9479.93
9541.34
9556.61
9556.61
9556.61
9556.61
9556.61
9643.69
9777.79
9777.79
9777.79
10021.8
10021.8
10093.3
10118.5
10118.5
10118.5
9317.78
9317.78
9317.78
10146.9
10147.6
10147.6
10176
10267.4
10559.3
10836
10878.4
10878.4
10945.6
11083.4
11135.7
11181.4
11181.4
11190.9
11190.9
11190.9
11104.3
11104.3
11221.7
11221.7
11221.7
11221.7
11221.7
11231.1
11231.1
11231.1
11231.1
11566.4
11599
11633.4
11711.9
11766.7
11786.2
11904.1
11996.8
11996.8
11996.8
12088.8
12117.6
12164.9
12358.7
12358.7
12358.7
12417.7
12442.7
12688.6
12802.1
12802.1
12802.1
12802.1
11503.1
11503.1
11503.1
11503.1
11503.1
11503.1
11503.1
13007.8
13007.8
13050.9
13050.9
13196.9
13443.2
13443.2
13529.1
13760.4
12278.7
12278.7
12278.7
12278.7
12278.7
12278.7
13788.9
13789.4
13922.3
14261.4
14618
14618
14618
14622.2
14634.9
14885.3
14885.3
14885.3
15029.5
15059.6
15059.6
15704.2
16091.3
16272.8
17216.4
17216.4
17322.5
17869
18989.4
18989.4
18989.4
18989.4
19160.3
19186.8
19510.9
19510.9
19510.9
20017.1
20128.4
20145.9
20363.7
20363.7
21556.6
24584.4
25741.1
32472
34177
36285
40817.2
167026
105689
39857.8
13983.4
12780.9
7595.87
6786.02
6786.02
6786.02
6786.02
6786.02
6224.95
6224.95
6224.95
6224.95
6224.95
6786.02
6786.02
6944.92
7595.87
7595.87
9834.58
10030.4
11452.8
6453.83
5125.01
5125.01
5125.01
5125.01
5125.01
5125.01
5125.01
5125.01
5339.8
5191.01
4580.22
4580.22
3978.76
3978.76
3978.76
3978.76
3978.76
3978.76
3978.76
4580.22
4635.38
5006.4
4726.81
4180.25
3443.42
3443.42
3443.42
3443.42
3443.42
3443.42
3443.42
3443.42
3443.42
3172.16
3455.18
3458.75
3458.75
3164.06
2937.49
2186.13
2088.9
2088.9
1968.05
1968.05
1968.05
1906.52
1906.52
1906.52
1906.52
1906.52
1906.52
1955.46
1955.46
1849.53
1678.39
1149.65
1149.65
1149.65
867.002
867.002
867.002
867.002
867.002
711.003
564.075
486.215
486.215
486.215
486.215
486.215
486.215
486.215
570.225
631.007
673.767
736.391
736.391
752.798
840.517
867.002
881.474
724.983
724.983
693.577
693.577
693.577
693.577
693.577
693.577
693.577
927.214
985.586
994.21
994.21
997.447
1046.54
1076.59
1102.87
1117.18
1117.18
1185.71
1190.2
1224.68
1224.68
1225.37
1225.37
1225.37
1225.37
1225.37
1225.37
1236.18
1252.3
1252.3
1302.78
1314.86
1320.06
1381.14
1465.4
1465.4
1465.4
1491.69
1493.39
1493.39
1493.39
1628.75
1637.16
1649.79
1666.73
1699.56
1710.79
1710.79
1710.79
1710.79
1722.06
1722.06
1743.28
1743.28
1724.39
1724.39
1724.39
1724.39
1760.61
1788.34
1858.99
1882.83
1882.83
1876.38
1876.38
1876.38
1876.38
1876.38
1876.38
1882.83
1919.23
1921.08
1934.28
1944
1950.16
1950.16
1950.16
1955.46
1958.77
1958.77
1969.83
1982.75
2004.89
2145.38
2158.49
2172.97
2179.53
2213.02
2296.26
2308.53
2315.25
2340.96
2342.03
2374.97
2415.95
2415.95
2467.72
2536.42
2536.42
2536.42
2539.37
2635.44
2654.56
2658.73
2694.08
2715.46
2847.67
2492.3
2492.3
2492.3
2492.3
2492.3
2696.94
3131.15
3131.15
3131.15
3223.18
3531.17
3594.02
3594.02
3627.69
3650.88
3703.71
3736.3
3736.45
3736.45
3736.45
3736.45
3765.49
3419.12
3419.12
3419.12
3419.12
3419.12
3419.12
3419.12
3677.46
3765.49
3901.36
3901.36
3962.62
4304.03
4304.03
4375.9
4398.64
4512.71
4551.84
4551.84
4706.68
4875.96
5179.3
5179.3
5179.3
5179.3
5499.73
5499.73
5813.15
5972.96
5972.96
5972.96
6046.8
6088.62
6121.04
6263.59
7396.75
7396.75
6710.46
6710.46
6710.46
6218.63
6034.36
6034.36
6034.36
6034.36
6034.36
6034.36
6034.36
6710.46
6710.46
7416.3
7805.06
8071.22
8585.65
8585.65
9684.61
10470.9
10881.8
11913.9
11913.9
11913.9
11913.9
12013.2
12013.2
12013.2
12013.2
12013.2
12780.9
13035.5
13514.2
13983.4
13983.4
13983.4
16211.4
17365.3
26284.7
26444.1
27242.7
53088.5